6760
7247
7249
7250
7252
7253
7254
7256
7338
7339
1892
1894
31154
6790
6123
6196
6197
6208
6214
6215
6789
4688
33423
44714
44717
31892
31915
6224
6226
6227
6975
6978
6984
6991
6992
6993
7083
7084
7169
6146
6220
6228
6230
6232
6234
8583
8584
8586
6759
7248
7251
7255
7337
7340
6122
6198
6209
13577
13478
2231
27849
32199
27694
1999
11959
1967
1970
40633
40635
27874
1996
13020
26755
27843
27682
13384
13013
2185
13303
1994
12819
13574
13573
12818
13010
6979
6983
7082
7085
7167
2109
6222
6225
6229
6236
8585
13210
27836
21003
27872
13578
21120
27830
13103
13378
2090
13011
13575
8844
2486
2779
2827
9037
4735
36218
36222
36228
36230
36282
36274
36284
6814
6815
6816
5264
5215
2485
2778
8964
9038
9039
11171
2616
2825
2826
1664
1665
1666
1667
1668
27859
4946
13473
13015
13491
2176
8812
8813
8814
8815
10810
10906
10907
10915
12342
12348
12541
12546
33379
1968
1969
1971
12831
12278
30610
1818
1819
2362
2450
4684
4689
12475
13154
8841
8842
8843
37920
11939
11951
12031
12032
12036
12700
12701
5559
44989
7710
13488
13476
19853
13286
13381
2000
2262
2084
27834
13292
30488
1993
40887
13009
13298
13296
13201
37952
42463
28167
27838
27839
28185
27684
1979
28829
13474
39743
28758
39909
32214
43219
41057
43873
43879
43901
36280
37292
41313
42444
32530
27696
13382
13304
37852
21005
44289
44291
44354
32216
35024
38334
39219
39955
40422
44204
44213
27869
44290
44361
44362
44610
44642
44796
44881
44882
44883
44884
44885
44886
44887
44888
44889
44890
44892
44893
44894
44898
44902
44903
44891
44920
44925
44926
44982
44988
44849
42107
28852
29054
39224
41223
2085
27732
36462
28394
42461
30141
41011
42613
42615
42685
44366
44536
44798
44803
44804
44814
39849
43788
44797
44987
30155
19864
13479
13487
19866
2177
2095
13383
12824
27886
1998
13287
27885
27516
13291
2171
12820
13302
1992
13012
13207
13299
13204
1991
13297
2184
12816
2181
2183
27969
11956
12037
12045
10811
12349
12460
12540
36347
44288
44360
1997
2093
27846
13285
2179
27526
19852
2094
28183
27829
38532
13284
13486
30236
32956
12547
39907
44363
31988
39897
39917
39951
32191
12817
35016
36140
36144
39564
41809
44292
27873
2186
27875
30189
41755
41133
41458
29536
29672
3151
21118
13387
13386
13385
1990
13480
30466
39396
44187
44423
44460
44656
36232
37047
42436
42438
42442
42448
42453
42455
42465
43021
33288
40955
40997
40999
32615
41137
13489
36730
41191
42440
42446
32336
29395
39587
42627
43222
43224
43337
12702
13645
41227
41301
12822
46006
47255
50099
51471
52848
52644
46146
49148
51379
52922
50163
52895
53102
47251
50225
50706
51293
51295
51231
51578
52833
52925
53126
51083
50233
51475
53078
46521
52000
46763
51474
52716
48093
45683
53257
51168
45059
48156
51577
51579
51580
51582
50301
51973
52022
52123
52253
45682
49914
52170
53062
51473
52830
45479
45810
50359
50358
50725
51324
45437
45444
48243
52846
49147
52252
52972
46818
47252
50356
50171
46396
50485
51271
46968
52187
46110
46616
49985
52242
52354
52540
52586
50250
52573
52050
52826
52847
53169
49661
50654
51798
51997
53220
51773
52171
51149
53174
51693
46528
50101
50248
52178
52447